NAME : single
TYPE : ATSP
DIMENSION : 21
EDGE_WEIGHT_TYPE : EXPLICIT
EDGE_WEIGHT_FORMAT : FULL_MATRIX
EDGE_WEIGHT_SECTION
0 10454 427 16263 10548 1957 462 11044 10975 263 290 4394 3799 4094 3754 3197 11027 11461 6951 6709 4240 
198080 0 10435 6265 291 8773 10389 1535 1109 10284 10682 8867 8166 8453 8262 8810 1886 2777 5830 5692 9579 
199848 10435 0 15966 10373 1660 625 10747 10678 499 717 4282 3665 3959 3642 3085 10730 11164 6817 6575 4128 
196896 6265 15966 0 6557 14460 16222 7299 5536 16195 16553 14554 14100 14387 13979 14496 7933 8367 11517 11626 15266 
198061 291 10373 6557 0 8867 10483 1677 1401 10378 10775 8961 8260 8547 8355 8904 1953 2844 5924 5785 9673 
199757 8773 1660 14460 8867 0 1916 9241 9172 1996 2248 2662 2200 2508 2022 1465 9223 9657 5436 5199 2509 
199861 10389 625 16222 10483 1916 0 10996 10919 454 752 4147 3338 3632 3464 3057 10979 11413 6490 6248 4101 
197939 1535 10747 7299 1677 9241 10996 0 2553 11026 11334 9414 8960 9247 8758 9275 1371 1805 6377 6486 10044 
197953 1109 10678 5536 1401 9172 10919 2553 0 10906 11265 9266 8812 9099 8691 9208 2645 3079 6228 6337 9977 
199840 10284 499 16195 10378 1996 454 11026 10906 0 458 4432 3793 4088 3792 3235 11008 11442 6945 6703 4278 
199760 10682 717 16553 10775 2248 752 11334 11265 458 0 4684 4089 4384 4044 3487 11317 11751 7241 6999 4530 
199293 8867 4282 14554 8961 2662 4147 9414 9266 4432 4684 0 903 679 682 2297 9424 9830 3144 3378 3066 
199434 8166 3665 14100 8260 2200 3338 8960 8812 3793 4089 903 0 308 220 1835 8962 9377 3236 2999 2604 
199375 8453 3959 14387 8547 2508 3632 9247 9099 4088 4384 679 308 0 529 2143 9271 9663 2998 2761 2912 
199421 8262 3642 13979 8355 2022 3464 8758 8691 3792 4044 682 220 529 0 1657 8741 9174 3457 3219 2427 
199533 8810 3085 14496 8904 1465 3057 9275 9208 3235 3487 2297 1835 2143 1657 0 9258 9691 5071 4834 1344 
197943 1886 10730 7933 1953 9223 10979 1371 2645 11008 11317 9424 8962 9271 8741 9258 0 891 6413 6522 10027 
197856 2777 11164 8367 2844 9657 11413 1805 3079 11442 11751 9830 9377 9663 9174 9691 891 0 6793 6902 10461 
198804 5830 6817 11517 5924 5436 6490 6377 6228 6945 7241 3144 3236 2998 3457 5071 6413 6793 0 242 5840 
198852 5692 6575 11626 5785 5199 6248 6486 6337 6703 6999 3378 2999 2761 3219 4834 6522 6902 242 0 5603 
199324 9579 4128 15266 9673 2509 4101 10044 9977 4278 4530 3066 2604 2912 2427 1344 10027 10461 5840 5603 0 
EOF